—2-7—

1111 1111111111 1111111111 111 &Mune 111 Ε111111111 1111111 bie 311111111111111111111. &a 1111111111 1111111111·
1111111111 11 111111 &telle 11111111 111111, 111 111 1111111111 11111 8111111111 11111111111111111 111111 1111111111 1111111111,
1111111111 1111111111 ber 11111111111111111111 (1111111111 1111111311111111111111. 11111 1111111 111111111111111111111,11
11111 1111, 1111111111 11111111 111111 111111.

3111111111 6111111111 11111111 1111111 11111111, 111111 111111111 11111111 1111 1111111111θ111111111 1111111111
1111111111,

11111 811111111111111111 1111 111 11111111 1111 (5111111111111111111 1111116111 111 1111111111111 1111111111·
1111111 11111111 1111111111 1111111111 111111, 11 11111111.

111111 111 1111111 1111 und 111 1111 11111111 Dr. 11111 (1111111111 im 29. znfantetieregiment, 111111 1111111111 11
ber 1511111111 1111 18. 11111111) 111111 1111111111111 Θ11111111111111111111111111111111111 1111111111 ,11111111 1111 ber 111
111111111111111111111111 11111111 81111111111111111111 111111 Θ111111111111 1111111111 1111 111 111 1111111 311111 1111111
1111111111 111 1111111 6111111111 111 11111 20 111 1111 1111111111 1111111111 obet 1111111111. 11111111 111 1111111111,
111 1111111 11111111 1111111111111 fuit 11111111 tempus, 111111 Germanos (11111 virtute superarent: paulatim assuefacti

, superari multisque 11111 proeliis ne se quidem ipsi 111111 illis virtute comparant.

1311 &madungen 1111 111 3111111111 11111111 11111111 &bule 111 1111 180 ῖ111. 1111111, 111111113911111.111
Μ Πη11111ῃὲ11111 1111 11111111 111 6111111111 18691111 111111 111 2931111111111111, 219111111111111, 1611111111111111.
1111111111 588 &uilem (117 111111, 461 (1111111111111111). 1111 11111111 bet 1111111111 11111111 11111

m

-4—--v—

3111 1111.11111111111111111111, s 11. 111. ΙΙΙτ. · ‘un

1111111 11132 38 29 33 30 52 51 54 60 48 10 39138 35 571
511111203136 29 33315253 53 61 49 838138 35 567

11111 11111 1111111111 1111111111 11111111 1111 11111111 1111111111 1111111, 1111111111 111111 111111111111111111111111111
11111111111111. 11111 6111111111 11111 11130. 1111111111 1111 11111 11111111 8111111111111111111.

1111111 11111 bie 611111 111 111111. 13111111 1111111111 1111. ι

1111111111 11111 6111111 1111111 ber 11111111111111 1111 20. &member 11111 ben 1111111111111 1111 10-12
1111111111 eumenem 11111111111111111111111111 111 11111111 6111111111 111111 11111111111111111 11111111 111111111111111
11111111 1111111.

31111111111111 111111 111111111111 1111111, 1111 11181111111Θ11111 11111111111111111111111111111111
111111 11111111 1111111111, 1111 1111 11111111111111 (1111111111111 11111111111111111111111. 11111111111111111111111111
1111111111 (1111111111 ber 611111 1111111111, 111111111111111 111 311111 wag 111111111111111 1311111111 1111111111, 111
11111 1111 1111111111 11111111111111 111111111. wie 11111111111111 111 Drbnung 11111111 111111 11111111 1111111111 1111 111111
1111111111 1111 1111111111 1111111111 &mmet 11 2 1111111 1111111111, &filet 1111111 1111111111111111111111111111111111111111
111111111 11111111 11111 gu 11111111. 1

1111111111 ber 61111111 111111111111111111 1111111111 111 11111111111111 1111 11-1111, 1111111111 11111 1111
1-5 1111 1111111111.

11111111111111111111 111 5. nub 6. ὓ111111 111 8111111119 1111111; 1115, 111111111111111111111111 111 11111111
1111111 1113111111111 111 1111111111. 1111111111111111 1111111111 11111111 ben 1. θ111111, 11111111 81111.

111111, 1111111111 1810.

Dr· 5. 11111,
1111111111.

 

