—17—

111 6111111111 1111111111. 4. 1111111111 1111111111 111111 111 1111111111111. 11111111 1111111. G. 1, 11‚111.
861. 11111,6111111111111. 1111111111 611111116111111111111111111111111111111111111111 1111111111. 261.
611111111111. Β. 1111111111.-(41111111111 111111111111111161111111111111.1111111 1111111, anomala, 6111111111.
11111111111111111611111111111311111. 11111111 1111 111111. 11111111111111. 6111 1311111111 11111111 1111111. 111-
1111111 1111.11. 6 61. A: 111111, B.: 1111111111. - 11111111111611 11111 11111111111111111111111 111 1111111111
1111111111111111 1111 14 stage 1111 11111111 1111 1111111111 111111111111111. 2 61. 61111111. - 61111111 1111
61111111111 61111111 1111111111 111111 111111111111111 111 111 1111111111 1111111111 1111 111111· 1111111111. 261.
6111111111111111111111111. 161. Δ.; 11111111. Β.11>1111111111111. ·- 1111111111111 11111111 111111116111·
1111, 6111111111, 1111111111116111111111. 1111111111111111111111111111111111 111 1111 1111111. 361. 1111111111
111111. 6111111111 611111. 111611111- 11111111111111111 311 1111111111 1111111111311111111111111111111111111
11111111. zm 6111111111 11111111. Δ. 1111111111 111111. 61111111 611111. B.: 611111.

vll. 611111. 6111111111111111111Ι

111111111111111 1) 1111111111 11111111111111111111111161111111111111111111111111111111111111. 11111
1111111611111111111111111111111111111111. 261. 1111111. 1111111111111111111 1111111111111111111111111111111111111,
111111111111111111111111. 6111111111111111111111. 61111111, 111111, 111111 1111111111. 261.111111111.- 1111111111
11111111111111111111111111111111. 11111111111111111111111111111111111111111. 1111111111 111111111111111111
111111111111111111111111111111111. 261. 6111111. -11111111111111111111111111111111.61111111111111111161111111
111111111111111111111111111111161111.1111111111111111111111111111111111111111111111111111111111. 11111111
1141111111,111111111111111. 10 61. 61111111. - 6111111116111111111111111111111111111111111111111111111
11111111111111111111111611111111111111111111111111141111111111111111. 1111111111111. 6111111111. - 11111
11111111 1111 111111111111111111111111 11111 111111111111111111 8111111111. 11111111111111111111111.1116111111
1111111111111111111111111111111.1111.) 11111411111111111111111111111 111111111111111111111111111111. 261.

“ 6111111. - 1111111111 1111 11111111111 1111111 1111111111111 1111111111 111111. 111 111 1111111114 1111111111

11111111. 1111111111111111111111 1111111111111, 361. 6111. - 1111111111111111111111111111111111111
11111111111111 1111. 261. 1111111111111 111 11111111 111111 11111, 11111111111111. 161. 111111. - 3111111
61111111 111 11111111111111113111111111 1111111111 111 111111111111111111111111111 111111111111111 8111111111 1111 11111
1111111111 11111111 1111 61111111111111111111116111111111311111111111111111111 11111111111111111 111111. 6111111111.
1111111 11111111 11111111111111111111. 2 61. 111111.

1111111111. 1111111. 111 B. 611111111111111111111. Β.1 6111111111.

111111111111111 1) 11111111111 61111111 111111111111111111111 111 61111111111111111111 1111111111 111 10
1111111 611111. 361. 111111. 11111111111111111111111 6111111111 111 11111111111111,11113111. 1111111111
111 1111111111. 1111111111111. 361. 11111111. - 611111111111111111111111111111111 1111 11111111111111 1111111111 ’
1111111111111111111111 I.; 11111111 1111 11111111 111 11111111111111116111,111111111111111 1111113111111111111111111·
1111141111 11111111111111111111, 111111111111. B.: 6111111111. - 1111111 1111111111111111111111111111
111111111111111 1111111111111111111111 1111111111 111111111111111111. 6111111111 111 11111111 1111 111111111111161111.
1111181111111111111111111111111111. Aa 1111111111. Β.161111111111.-111111111111 61111111111111111111
11111111111111111111111111111111,11111 11111111111111111111111111111111111111 1111111111111111111111111111

1111111111111111111111111111. 161. 1161111111.1161111111- 6111111111 1111111111 1111 1111111111 ’

1111111111 111111111111111111161111111. Δ.1 6111111111. B.: 6111111111. - 1111111111 11111111111111111111·
11111111111111111111111111111111111116311111111111 111311111161111· 361· Αιι5116111111· B.: WW·
1111111111 111 11111111 81111111, 1111111111111611111111111111 111111111111111111111111111111111111111 61111
11111 1111111, 1111111111111111111 111 1111111111 111 1111111111111. 261. Δ. 1111111111 61111. 61111111 611111.
111 611111. - 6111111111 1111111111 111 11111111, 11111111111111 1111111111 6111111 1111 (1111111111. 361. Aa
61111111. B.: 11111111. — 31111111 11111111111111113111111 111 111 111 1111111111111111111111111116111.
8111111111 1111111111111111 11111111 11111111 11111111111111111. 161. 11111111. 1111111111. ’

11111111. 6111111111 Β. 611111111111611111111. 1116111.

111111111111111 1111111111111 6111111161111111111111111Ξ1111111111,111118111. 3111111111. 161.
11111111. 2) 11111111111 611111111111111111111.ἰ.’1 1111111111. 1111111111 111 1111111111 111 11111111111111

Δ..

 

