-16—

1111111111 111 1111111111 de 11 1611111111 d'Angleterre 111 c. VH3 Corneille, 11 cid. 1111111111 111111Ῑ131111111
111 1111111111111 11111111 1111111111111ς 11111111 (1111111111. 2 151. 1111111111. - 1111111111. 11111111τί11.
·- 1111111111111111111111111 (1111111111 111 1111111111111. 361. 11111111. - 111111111111811111111111. trigo·
11111111. 111111111111111111111111111111151111111111. 11111111111111111111111111111111111111111111111111. vim
1111111111 11111111 1111 111111 111111. 111, 11111. - 11111111 &bre 1111 (11111111111111 111 11111111111111111,
1111111111111111111 11111111111111111111. 2 111. 1111.

ΠΙ. ὓ11111111111. ὓ1111111111111111.

111111111111111 111111111111111 11111111111111111 1111111111111111 1111 111 1111 1111111111. 11111111·
111111111111111111111111111111111111. 1111111111111111. &witha 1111111111, 1111111. 2111. 11111111. 2) 1111111
1111111 111111111111111111 θῇ11111111 1111111111111ς 111111111111 11 111 1. ῶ111111 111 U. 1.’1 1111 11111111111111111111
1111111111111111111111111111111111111111111. 211. 1111111. - mentm: 181111111111111111111111111111111111
11111 111 6111111111 1111111111. 111111111ς 11111111 111 1111111111 111 11111111. 311111111111111111111. 2&-
11111111.-11111111111111111111111111 011111118.11111111111111111. 1111111 1. ΧΧΙ. 11111111111113111115.
511-611. 111111111111111111111. 1111111111 1111 1111111 11111111) 111. H. 1111111111111Λθ sst. 111111. {Rugii
111-111, (1111111111 1111111111 1111 Θ11111111 1111111111. W. 11111111111111111 1111111111, 1111111 6111111111. -
111111111 111 (1111111111 1111111111111 111 1111111111 11111111 111111111111111. 111111111111111111 111 &agen 1111111111
&fide 111 111111111111111111111111 11111 1111 5111111111111111111111 111 11111. 11111 11 1111 111 11111111. 1111111111ώ
11111111111111161. 1111111111 Herod. lib. I 111 Π 1111111111ς 1111111 1111 1111111111. 111 11111 1111111111. Homer
Od. Ill-XV. 1111111τί1111111111111111111111. 11111111111111111.11111.-11111111111111115165.
1111111111311111 1111111111, 111111. (11111111111111111111. 11111111111111111111. 11111111θεὶ11. 261. &⁰1¹³-
-ῇ111ᾶ1111ῧ111111111111111 11111111111111111111,1111111111111111111111 1111111111 131. 11111111. - 1111111111
11111111111111111111111131111111. 1111111111 1111111111. 2ῦ1. 111111. - 111111111111 311111111111111111111,
111 111111111111 n· 1111, 111 111111111111, 1111111111 1111111111Ῑὼ1 11111111, 11111111111111 11111111 1111111111 111
Quaem, 11111111111111111111 (1111111111 1111111111, 1111 11111111 1111 11111 111111111111. 411. 11111. - 1111ἱί11
1111111111111 1111111111 111111111111,111111111111ε11111111111111111111111,1111111111. 261. &eth

IV. 111111111111. ὒτ1111111ε11111.

111111111111111 1. 131111111111. - 11111111 11111111 111111111111111 ῶ11111111 (11111111111111111111111
1111111111111111111111 111 6111111111 111111. 1111111111 1111111111 111 1111111111 111 111111 1111111111. 111111111111111111.
1111111111111111111111111111111. 1111111111 11111111,1111111111111111111. 1111111111 2 Θ1. ancta.
-11111111111111111111 cic. de 1111, pro Arch. 111 proMi10ue; biv. V. 111 11111 Ε1111Ῑ1 11111111Π1111ῧ11111

' 1111111111 1111111. (1111111111111111111111.111ς11111111111111111111111111111.1)1111. 11111111111111111111111.

’ 1111111111111111111111111)1111111Π. 111111111111111111111. 1111111111111. 111111111811. 111111. 1111111 1111111
ΠΙ, IX (11111111 1111 11111111). 181111. 1111111111. 2Θ1. 1111 1111111111 nocte, 1111 &uun - 111111111ῐώ1
11111111111111111111111. 111, Iv-v. 111111 13111111 l. 1v‚v. 1111111111 1111111 10011111111111111111111
1111111111111111111111. W. 111111111111111111111111111111. 11111 1111111 1111111111. 1111111111111. 1151.
11111111.-11111111111111111.1111.5ο. 111111111111111’ 111111111111. 1111111111 1111111111111111111,
11111111111111. 2 et. 6111. - 1111111111 111 1111111111 1111111111 111 (1111111111 (1111111111111 11111 1111
1111111111 111-1111111 111111111111111111111111 111 1111111111111 111111111111, 1111 1111111111111111111111111
111111111111111. 191. 18111111111111111111111111,11111111111111116111.- 1111111111111111111111111111111
111311111, 11111111111111, 1111111111 1111111111 1111111 mit einer 111111111111. 1111111111 111111111111 11111111 111
ῶ1111111, 11111111111111111 1111111111, 111111111111111111111, 1 111. 111 11111111 111111, &mmet &teget

V·1¹¹¹bV1. ssettia Δ. 111 Β, ὓ11111111111111111. 111111111111111111.

111111111111111 1) 1111111111 1311 1111111111111111111111111; 1111111, 1111111111 1111111111. 261.
11111111. 1] musetum: 111111111111111111. 11111111111111 111111111111111111111111111111111111111111111
11111111. 1111111111111. 1111111 11111111. 2 &h 11111111. -· 1111111111 131111 111 1111111111111111111111111111111111 ΙΙ.
1111111111111111111111111111111116111111. 1111111111 1111111111. mk. 111111111111111111111. - 11111111
Syntuls verbi 1111 1111111. 1111111111111111(11111111111111ὓ1111111111111. 111111111111111111111111111111111111

 

