—24-

1311111111 11111111 d) 1111 111111 &nient 11111 1111 1111 &este 1 = 300, 111 11111111 111 1111111111 11111111
β - 1--22018 10” 111 111 ’1311111111 111 111111 1111111 &enen b - ο ·- 91, 11111 1111 1ίε 111111111 1111111 111
611111 1111111111.

1111111111111. 1)11111.11111111111111111111111111111110111110111111. Ξ) (111111. 1111111111111111
011111111111 111 111111111111111111111. 112241. 1) 1111111111 11111111 11111 1111111111111111. 1) 11111111 111111
111111111111111111,111111Ρ11111. 1)111111111111111111111111 1311111111111111,111111111111111111111
111, 1111111 111111111 &cue 111111111111111 1111ί 6111111111111, 1111111 1111 11181111111111111 111111111111 111 111
81111 111 11111111 1111111. 11111 1111 111 111 1111111 61111 111 11111111 111 111 1111111 1111 1111111111 111 11111111
1) 1011 111111 11111 111 01111111 1111111111111 11111 111111111 111111 11111 11111111 111 111 111111 &rede 11111 1111111
11111111111111111111111111111111111 1) §non 111111 1)11ί11 111111111111611111 ;10, 111 6111111 11111111
, 11111116111111-1-1ε101111113111111ε110. 11111 1111 1ί1 1111111111111111 1111111111 1111111111, 1111111
1111 1111111 11111111111111 1111 0111111 111 11111 11111 11111111111111 11111111) 1111111111 111 0111111 111111
1111111111111111111. 1111111111 11111 111 11111111 111 1111111111 11111111. 111111 111 01111111 11111111111111111111111
11111111111111111111111111111111 1111111111 1111111111111111111111111111111111 1111111111111·
11111111. 1111111111111111 (0110101 -1- 1110001111111111111 &memiana 1111001111111111111111111100
0111111 1111111111 111111111111 1111111111 11 11111111. 1111 1ίεί 1111111111 1111 01111111 111 11111111 (111111111101111111
1,53)11111111111ί1 1111111111111 b) 1111 1111111 11111111 11111 111111111111111111ί111111111111111111111111111111
1111111111 1111111111 1111111111. 01111111111111111111111111 1111111 111111 1111111111, 1111111 111111111111111,
111111 11111111111111 111 1111111111 1111111111 111111 1) 1111 111111111111111 11111111111111 10001111 11111111
1111111111111111111111111611111111111 101111 1111130 1112801111111111 101111111111111110111111ί111111111
111111111 111111111111111111111 (1111111111 1111111 111 101111111111 1115101111 111 111 11111111 19.)

1. 1111111111111 11111 1111111111.

111111111111 11111 1111 1111111111111 1111111111111 3111111111 1111111 11111 3. 1111111111 1819 1111111.
1111111111 vie 1111111111 1111111111111 111 0111111111111111111111111111111111111. - 21. 1011111111 11111111 111
611111111111112 1111. 11111111 111111 011111111111111. - 18101 8, Sanun: 1111111111111 11111111 111 1111. Q
11. 1111111111 11 111 11111111111111111111111, 1111011111111111 111111 01111111 111 11111111.1111111.·111111.·01111111ί111 1111111111·
- 01111101111111117. 3111111 1111111111 111 111 1111 111111111111111111111111111111 111 6111111111 1311111111
1111111111111113111111111 111 1ί1 1111111111111111111111111111. - 21. 311111181111111111, 11111111111111 11111111
1809 11111 111. (111. 11111111111111 1111111111 1111111111111 1111111111 1111111111. - 1111111111 1111111111
31111111 1111111111.ι111ί1.ι1111111111111 1111111111111111 111 111 111111111111 1111111111111111111111111111111111
1111111111 1111111111 1111111111111 1111111111 11111860 1111111111 11111. - 9. 11111111 11111111111111 1111111111
1111111111 11111 1111111111 81111111111111 111 011111 11111111111111 11111 1115111111111 (1111111, neu 1819)
1111111111. - 19. 11111111 1111111 111 01111111111111 1111111 21111111 3111111111 11111111· 111θ111111111. ,1111
1111ί111111111ί111111111 1111111 1111111111 111111111111111111, 1111111111 111 1111111111 111 11111111 1111111111 1111
0111111111 111111 1111111111111 111111111111 1111111111 1 11111 111 111 11111111 Donet 111 111111 111111 111111 1111111111
1111111. 61111111111111111 1111111111 111 11111111 11111 1111 11111 111131. 1. 111. 111111111111111111111111111111
1111 1111111111, 111 111 1111111 111 1111 (1111111111 111 1111111111 111 11111111 111 2 111111 1111111111111 111 11111
1111111 111 1111111 11111111, 1111 1111111111 unta· 11113111111111 11111111 111111 1111. 311111 1111 11111 111111111 &n
1111111111 111 11111111 111 (01111111 1111111, 1111111111 1111, 111 11111111 1111 11111111 111111111111111111 1. ξ1. 1111 1111111111
1111111111111111111111 111 1111111111 1111 6111111 1181111111 1111111 1111111111111, 111111 11111112 31111111
111111111111111111111111111.” - 21. 11111111 011111111111 11111111111111111111111111Θ11111 1111111111. -
1.11111; 1111 1111111111 11111111111118111111111111111 111 11111111 111111 11. 1111111111. - 18. Ruti: „Det antae:
111111111111111111111111111111111111ί1 11111111111111111 1111111111 111111. 1111111 111111111111111111111111111
11111 1111 111Ι 11111111 111111 11 11111111111111111111111111 1111111 11111111 1111111111, 11111111ῦί111 111 11111111
61111111, 111111 (11111111 1111111111 11 111111111 11111111 mit 11111 111 111111 111 1811111111, 111111 11111111.
111111111111 1111111111 11ί1 111 11111111 111 111 1111, 11111 111011111111111 111 11111111 11111 111 11111111111111

 

